ROLL NO,"
CGPA"
,
71772117130,7.97
71772217101,8.41
71772217102,7
71772217103,8.49
71772217104,7.67
71772217105,9.3
71772217106,7.76
71772217107,8.38
71772217108,7.34
71772217109,8.49
71772217110,7.33
71772217111,8.4
71772217112,8.038
71772217114,7.78
71772217115,3.724
71772217117,7.77
71772217118,7.23
71772217119,7.58
71772217120,8.92
71772217121,8.1
71772217122,7.93
71772217123,8.71
71772217124,6.79
71772217125,7.17
71772217127,7.87
71772217129,5.52
71772217131,8.02
71772217132,6
71772217133,8.13
71772217134,7.2
71772217135,8.45
71772217136,7.97
71772217137,7.77
71772217138,8.28
71772217139,7.74
71772217140,8.66
71772217141,7.58
71772217143,7.94
71772217144,7.98
71772217145,8.09
71772217146,8.26
71772217147,8.05
71772217148,8.21
71772217149,9.1
71772217150,6.4
71772217151,7.14
71772217152,8.01
71772217153,7.77
71772217154,7.97
71772217155,6.93
71772217158,7
71772217159,7
71772217301,7.52
71772217302,7.96
71772217303,8.15
71772217304,7.67
71772217305,8.31
71772217306,8.714
71772217307,7.41
71772217308,7.98
71772217309,7.446
71772217501,8.05
71772217502,7.63
71772217L01,6.51
71772217L02,6.75
71772217L03,5
71772217L04,7.76